48
-2.980232594040899e-8 0 -1
1 0.9999999403953552 -1
1 -1 -1
-1.0000001192092896 -0.9999998211860657 -1
2.980232594040899e-8 0 -1
-1.0000001192092896 -0.9999998211860657 -1
-0.9999996423721313 1.0000003576278687 -1
1 0.9999999403953552 -1
5.960463766996327e-8 0 1
1.0000004768371582 0.999999463558197 1
-0.9999999403953552 1 1
-1.0000003576278687 -0.9999996423721313 1
0 0 1
-1.0000003576278687 -0.9999996423721313 1
0.9999993443489075 -1.0000005960464478 1
1.0000004768371582 0.999999463558197 1
1 -5.960464477539062e-7 -2.3841872121010965e-7
1 0.9999999403953552 -1
1.0000004768371582 0.999999463558197 1
0.9999993443489075 -1.0000005960464478 1
1 0 3.27825517842939e-7
0.9999993443489075 -1.0000005960464478 1
1 -1 -1
1 0.9999999403953552 -1
-4.768372718899627e-7 -1 -3.5762795391747204e-7
1 -1 -1
0.9999993443489075 -1.0000005960464478 1
-1.0000003576278687 -0.9999996423721313 1
-8.940696716308594e-8 -1 0
-1.0000003576278687 -0.9999996423721313 1
-1.0000001192092896 -0.9999998211860657 -1
1 -1 -1
-1 2.3841863594498136e-7 -1.1920931797249068e-7
-1.0000001192092896 -0.9999998211860657 -1
-1.0000003576278687 -0.9999996423721313 1
-0.9999999403953552 1 1
-1 2.3841855067985307e-7 -1.4901156930591242e-7
-0.9999999403953552 1 1
-0.9999996423721313 1.0000003576278687 -1
-1.0000001192092896 -0.9999998211860657 -1
2.0861631355728605e-7 1 2.98023280720372e-7
1.0000004768371582 0.999999463558197 1
1 0.9999999403953552 -1
-0.9999996423721313 1.0000003576278687 -1
2.6822084464583895e-7 1 0
-0.9999996423721313 1.0000003576278687 -1
-0.9999999403953552 1 1
1.0000004768371582 0.999999463558197 1