320
0.10238099843263626 -0.3150899410247803 -0.9435234069824219
0 0 -0.7294468879699707
0.42532268166542053 -0.30901139974594116 -0.5801010131835938
-0.16245555877685547 -0.49999526143074036 -0.5801012516021729
0.7002238631248474 -0.2680318057537079 -0.6616988778114319
0.7236073017120361 -0.5257253050804138 -0.17666637897491455
0.42532268166542053 -0.30901139974594116 -0.5801010131835938
0.8506478667259216 0 -0.25518277287483215
-0.26803427934646606 -0.1947365552186966 -0.9435228705406189
0 0 -0.7294468879699707
-0.16245555877685547 -0.49999526143074036 -0.5801012516021729
-0.525729775428772 0 -0.5800985097885132
-0.26803427934646606 0.1947365552186966 -0.9435228705406189
0 0 -0.7294468879699707
-0.525729775428772 0 -0.5800985097885132
-0.16245555877685547 0.49999526143074036 -0.5801012516021729
0.10238099843263626 0.3150899410247803 -0.9435234069824219
0 0 -0.7294468879699707
-0.16245555877685547 0.49999526143074036 -0.5801012516021729
0.42532268166542053 0.30901139974594116 -0.5801010131835938
0.9049890637397766 -0.26803138852119446 -0.33038458228111267
0.7236073017120361 -0.5257253050804138 -0.17666637897491455
0.8506478667259216 0 -0.25518277287483215
0.9510578513145447 -0.30901262164115906 0.2705531418323517
0.024746596813201904 -0.9435212016105652 -0.33038631081581116
-0.276388019323349 -0.8506492376327515 -0.17666670680046082
0.26286882162094116 -0.8090116381645203 -0.25518450140953064
0 -0.9999999403953552 0.2705531418323517
-0.889697253704071 -0.3150946795940399 -0.330384761095047
-0.8944262266159058 0 -0.17666247487068176
-0.6881893873214722 -0.49999693036079407 -0.25518307089805603
-0.9510578513145447 -0.30901262164115906 0.2705531418323517
-0.574601948261261 0.748783528804779 -0.3303876221179962
-0.276388019323349 0.8506492376327515 -0.17666670680046082
-0.6881893873214722 0.49999693036079407 -0.25518307089805603
-0.5877856016159058 0.8090167045593262 0.2705531418323517
0.5345759987831116 0.7778645157814026 -0.3303866982460022
0.7236073017120361 0.5257253050804138 -0.17666637897491455
0.26286882162094116 0.8090116381645203 -0.25518450140953064
0.5877856016159058 0.8090167045593262 0.2705531418323517
0.8026090264320374 -0.5831264853477478 -0.1256272941827774
0.7236073017120361 -0.5257253050804138 -0.17666637897491455
0.9510578513145447 -0.30901262164115906 0.2705531418323517
0.5877856016159058 -0.8090167045593262 0.2705531418323517
-0.30656886100769043 -0.9435215592384338 -0.12562896311283112
-0.276388019323349 -0.8506492376327515 -0.17666670680046082
0 -0.9999999403953552 0.2705531418323517
-0.5877856016159058 -0.8090167045593262 0.2705531418323517
-0.9920774102210999 0 -0.12562832236289978
-0.8944262266159058 0 -0.17666247487068176
-0.9510578513145447 -0.30901262164115906 0.2705531418323517
-0.9510578513145447 0.30901262164115906 0.2705531418323517
-0.30656886100769043 0.9435215592384338 -0.12562896311283112
-0.276388019323349 0.8506492376327515 -0.17666670680046082
-0.5877856016159058 0.8090167045593262 0.2705531418323517
0 0.9999999403953552 0.2705531418323517
0.8026090264320374 0.5831264853477478 -0.1256272941827774
0.7236073017120361 0.5257253050804138 -0.17666637897491455
0.5877856016159058 0.8090167045593262 0.2705531418323517
0.9510578513145447 0.30901262164115906 0.2705531418323517
0.40894606709480286 -0.628425121307373 0.661698579788208
0.276388019323349 -0.8506492376327515 0.7177729606628418
0.6881893873214722 -0.49999693036079407 0.796289324760437
0.16245555877685547 -0.49999526143074036 1.1212074756622314
-0.47129982709884644 -0.5831221342086792 0.661698579788208
-0.7236073017120361 -0.5257253050804138 0.7177726626396179
-0.26286882162094116 -0.8090116381645203 0.7962907552719116
-0.42532268166542053 -0.30901139974594116 1.121207356452942
-0.7002240419387817 0.26803186535835266 0.6616988182067871
-0.7236073017120361 0.5257253050804138 0.7177726626396179
-0.8506478667259216 0 0.7962890863418579
-0.42532268166542053 0.30901139974594116 1.121207356452942
0.03853050246834755 0.7487791180610657 0.6616987586021423
0.276388019323349 0.8506492376327515 0.7177729606628418
-0.26286882162094116 0.8090116381645203 0.7962907552719116
0.16245555877685547 0.49999526143074036 1.1212074756622314
0.7240421772003174 0.19473618268966675 0.6616954207420349
0.8944262266159058 0 0.7177687883377075
0.6881893873214722 0.49999693036079407 0.796289324760437
0.525729775428772 0 1.1212048530578613
0.26803407073020935 0.19473665952682495 0.9435228705406189
0.525729775428772 0 1.1212048530578613
0.16245555877685547 0.49999526143074036 1.1212074756622314
0 0 1.2705531120300293
0.4911193549633026 0.3568211793899536 0.7946573495864868
0.525729775428772 0 1.1212048530578613
0.6881893873214722 0.49999693036079407 0.796289324760437
0.16245555877685547 0.49999526143074036 1.1212074756622314
0.4089460074901581 0.6284251809120178 0.6616985201835632
0.6881893873214722 0.49999693036079407 0.796289324760437
0.276388019323349 0.8506492376327515 0.7177729606628418
0.16245555877685547 0.49999526143074036 1.1212074756622314
-0.10238078981637955 0.3150898814201355 0.9435234665870667
0.16245555877685547 0.49999526143074036 1.1212074756622314
-0.42532268166542053 0.30901139974594116 1.121207356452942
0 0 1.2705531120300293
-0.1875942200422287 0.5773454308509827 0.7946576476097107
0.16245555877685547 0.49999526143074036 1.1212074756622314
-0.26286882162094116 0.8090116381645203 0.7962907552719116
-0.42532268166542053 0.30901139974594116 1.121207356452942
-0.47129979729652405 0.5831222534179688 0.6616986393928528
-0.26286882162094116 0.8090116381645203 0.7962907552719116
-0.7236073017120361 0.5257253050804138 0.7177726626396179
-0.42532268166542053 0.30901139974594116 1.121207356452942
-0.331304132938385 0 0.9435240626335144
-0.42532268166542053 0.30901139974594116 1.121207356452942
-0.42532268166542053 -0.30901139974594116 1.121207356452942
0 0 1.2705531120300293
-0.607060432434082 0 0.7946556806564331
-0.42532268166542053 0.30901139974594116 1.121207356452942
-0.8506478667259216 0 0.7962890863418579
-0.42532268166542053 -0.30901139974594116 1.121207356452942
-0.7002240419387817 -0.2680319845676422 0.6616988182067871
-0.8506478667259216 0 0.7962890863418579
-0.7236073017120361 -0.5257253050804138 0.7177726626396179
-0.42532268166542053 -0.30901139974594116 1.121207356452942
-0.10238099843263626 -0.3150898814201355 0.9435234069824219
-0.42532268166542053 -0.30901139974594116 1.121207356452942
0.16245555877685547 -0.49999526143074036 1.1212074756622314
0 0 1.2705531120300293
-0.1875942200422287 -0.5773454308509827 0.7946576476097107
-0.42532268166542053 -0.30901139974594116 1.121207356452942
-0.26286882162094116 -0.8090116381645203 0.7962907552719116
0.16245555877685547 -0.49999526143074036 1.1212074756622314
0.03853049874305725 -0.7487790584564209 0.6616986989974976
-0.26286882162094116 -0.8090116381645203 0.7962907552719116
0.276388019323349 -0.8506492376327515 0.7177729606628418
0.16245555877685547 -0.49999526143074036 1.1212074756622314
0.26803407073020935 -0.19473664462566376 0.9435228705406189
0.16245555877685547 -0.49999526143074036 1.1212074756622314
0.525729775428772 0 1.1212048530578613
0 0 1.2705531120300293
0.491119384765625 -0.3568211793899536 0.7946573495864868
0.16245555877685547 -0.49999526143074036 1.1212074756622314
0.6881893873214722 -0.49999693036079407 0.796289324760437
0.525729775428772 0 1.1212048530578613
0.7240421772003174 -0.1947360783815384 0.6616954207420349
0.6881893873214722 -0.49999693036079407 0.796289324760437
0.8944262266159058 0 0.7177687883377075
0.525729775428772 0 1.1212048530578613
0.8896973729133606 0.3150944709777832 0.330384761095047
0.9510578513145447 0.30901262164115906 0.2705531418323517
0.6881893873214722 0.49999693036079407 0.796289324760437
0.8944262266159058 0 0.7177687883377075
0.7946556806564331 0.5773478746414185 0.18759506940841675
0.9510578513145447 0.30901262164115906 0.2705531418323517
0.5877856016159058 0.8090167045593262 0.2705531418323517
0.6881893873214722 0.49999693036079407 0.796289324760437
0.5746018886566162 0.748783528804779 0.33038753271102905
0.5877856016159058 0.8090167045593262 0.2705531418323517
0.276388019323349 0.8506492376327515 0.7177729606628418
0.6881893873214722 0.49999693036079407 0.796289324760437
-0.024746611714363098 0.94352126121521 0.3303864896297455
0 0.9999999403953552 0.2705531418323517
-0.26286882162094116 0.8090116381645203 0.7962907552719116
0.276388019323349 0.8506492376327515 0.7177729606628418
-0.30353090167045593 0.9341714978218079 0.18759731948375702
0 0.9999999403953552 0.2705531418323517
-0.5877856016159058 0.8090167045593262 0.2705531418323517
-0.26286882162094116 0.8090116381645203 0.7962907552719116
-0.534575879573822 0.7778645753860474 0.330386757850647
-0.5877856016159058 0.8090167045593262 0.2705531418323517
-0.7236073017120361 0.5257253050804138 0.7177726626396179
-0.26286882162094116 0.8090116381645203 0.7962907552719116
-0.9049890041351318 0.26803162693977356 0.33038458228111267
-0.9510578513145447 0.30901262164115906 0.2705531418323517
-0.8506478667259216 0 0.7962890863418579
-0.7236073017120361 0.5257253050804138 0.7177726626396179
-0.9822457432746887 0 0.18759851157665253
-0.9510578513145447 0.30901262164115906 0.2705531418323517
-0.9510578513145447 -0.30901262164115906 0.2705531418323517
-0.8506478667259216 0 0.7962890863418579
-0.9049890041351318 -0.26803162693977356 0.33038458228111267
-0.9510578513145447 -0.30901262164115906 0.2705531418323517
-0.7236073017120361 -0.5257253050804138 0.7177726626396179
-0.8506478667259216 0 0.7962890863418579
-0.534575879573822 -0.7778645753860474 0.330386757850647
-0.5877856016159058 -0.8090167045593262 0.2705531418323517
-0.26286882162094116 -0.8090116381645203 0.7962907552719116
-0.7236073017120361 -0.5257253050804138 0.7177726626396179
-0.30353090167045593 -0.9341714978218079 0.18759740889072418
-0.5877856016159058 -0.8090167045593262 0.2705531418323517
0 -0.9999999403953552 0.2705531418323517
-0.26286882162094116 -0.8090116381645203 0.7962907552719116
-0.024746611714363098 -0.94352126121521 0.3303864896297455
0 -0.9999999403953552 0.2705531418323517
0.276388019323349 -0.8506492376327515 0.7177729606628418
-0.26286882162094116 -0.8090116381645203 0.7962907552719116
0.5746018886566162 -0.748783528804779 0.33038753271102905
0.5877856016159058 -0.8090167045593262 0.2705531418323517
0.6881893873214722 -0.49999693036079407 0.796289324760437
0.276388019323349 -0.8506492376327515 0.7177729606628418
0.7946556210517883 -0.5773478746414185 0.18759509921073914
0.5877856016159058 -0.8090167045593262 0.2705531418323517
0.9510578513145447 -0.30901262164115906 0.2705531418323517
0.6881893873214722 -0.49999693036079407 0.796289324760437
0.8896973729133606 -0.3150944709777832 0.330384761095047
0.9510578513145447 -0.30901262164115906 0.2705531418323517
0.8944262266159058 0 0.7177687883377075
0.6881893873214722 -0.49999693036079407 0.796289324760437
0.3065688908100128 0.9435215592384338 0.1256287544965744
0.5877856016159058 0.8090167045593262 0.2705531418323517
0 0.9999999403953552 0.2705531418323517
0.276388019323349 0.8506492376327515 0.7177729606628418
0.30353087186813354 0.9341713786125183 -0.1875973790884018
0.5877856016159058 0.8090167045593262 0.2705531418323517
0.26286882162094116 0.8090116381645203 -0.25518450140953064
0 0.9999999403953552 0.2705531418323517
0.024746596813201904 0.9435212016105652 -0.33038631081581116
0.26286882162094116 0.8090116381645203 -0.25518450140953064
-0.276388019323349 0.8506492376327515 -0.17666670680046082
0 0.9999999403953552 0.2705531418323517
-0.8026090860366821 0.5831264853477478 0.1256272941827774
-0.5877856016159058 0.8090167045593262 0.2705531418323517
-0.9510578513145447 0.30901262164115906 0.2705531418323517
-0.7236073017120361 0.5257253050804138 0.7177726626396179
-0.7946556806564331 0.5773478746414185 -0.18759509921073914
-0.5877856016159058 0.8090167045593262 0.2705531418323517
-0.6881893873214722 0.49999693036079407 -0.25518307089805603
-0.9510578513145447 0.30901262164115906 0.2705531418323517
-0.889697253704071 0.3150946795940399 -0.330384761095047
-0.6881893873214722 0.49999693036079407 -0.25518307089805603
-0.8944262266159058 0 -0.17666247487068176
-0.9510578513145447 0.30901262164115906 0.2705531418323517
-0.8026090860366821 -0.5831264853477478 0.1256272941827774
-0.9510578513145447 -0.30901262164115906 0.2705531418323517
-0.5877856016159058 -0.8090167045593262 0.2705531418323517
-0.7236073017120361 -0.5257253050804138 0.7177726626396179
-0.7946556806564331 -0.5773478746414185 -0.18759505450725555
-0.9510578513145447 -0.30901262164115906 0.2705531418323517
-0.6881893873214722 -0.49999693036079407 -0.25518307089805603
-0.5877856016159058 -0.8090167045593262 0.2705531418323517
-0.5746018886566162 -0.748783528804779 -0.33038753271102905
-0.6881893873214722 -0.49999693036079407 -0.25518307089805603
-0.276388019323349 -0.8506492376327515 -0.17666670680046082
-0.5877856016159058 -0.8090167045593262 0.2705531418323517
0.3065688908100128 -0.9435215592384338 0.1256287544965744
0 -0.9999999403953552 0.2705531418323517
0.5877856016159058 -0.8090167045593262 0.2705531418323517
0.276388019323349 -0.8506492376327515 0.7177729606628418
0.30353090167045593 -0.9341714978218079 -0.18759731948375702
0 -0.9999999403953552 0.2705531418323517
0.26286882162094116 -0.8090116381645203 -0.25518450140953064
0.5877856016159058 -0.8090167045593262 0.2705531418323517
0.5345759987831116 -0.7778645157814026 -0.3303866982460022
0.26286882162094116 -0.8090116381645203 -0.25518450140953064
0.7236073017120361 -0.5257253050804138 -0.17666637897491455
0.5877856016159058 -0.8090167045593262 0.2705531418323517
0.9920774102210999 0 0.12562832236289978
0.9510578513145447 -0.30901262164115906 0.2705531418323517
0.9510578513145447 0.30901262164115906 0.2705531418323517
0.8944262266159058 0 0.7177687883377075
0.9822457432746887 0 -0.18759851157665253
0.9510578513145447 -0.30901262164115906 0.2705531418323517
0.8506478667259216 0 -0.25518277287483215
0.9510578513145447 0.30901262164115906 0.2705531418323517
0.9049890637397766 0.26803138852119446 -0.33038458228111267
0.8506478667259216 0 -0.25518277287483215
0.7236073017120361 0.5257253050804138 -0.17666637897491455
0.9510578513145447 0.30901262164115906 0.2705531418323517
0.4712996780872345 0.583122193813324 -0.6616986989974976
0.42532268166542053 0.30901139974594116 -0.5801010131835938
0.26286882162094116 0.8090116381645203 -0.25518450140953064
0.7236073017120361 0.5257253050804138 -0.17666637897491455
0.1875942349433899 0.5773453712463379 -0.7946577072143555
0.42532268166542053 0.30901139974594116 -0.5801010131835938
-0.16245555877685547 0.49999526143074036 -0.5801012516021729
0.26286882162094116 0.8090116381645203 -0.25518450140953064
-0.03853045031428337 0.7487791180610657 -0.6616986393928528
-0.16245555877685547 0.49999526143074036 -0.5801012516021729
-0.276388019323349 0.8506492376327515 -0.17666670680046082
0.26286882162094116 0.8090116381645203 -0.25518450140953064
-0.40894609689712524 0.6284251809120178 -0.6616985201835632
-0.16245555877685547 0.49999526143074036 -0.5801012516021729
-0.6881893873214722 0.49999693036079407 -0.25518307089805603
-0.276388019323349 0.8506492376327515 -0.17666670680046082
-0.4911193251609802 0.3568209707736969 -0.7946575284004211
-0.16245555877685547 0.49999526143074036 -0.5801012516021729
-0.525729775428772 0 -0.5800985097885132
-0.6881893873214722 0.49999693036079407 -0.25518307089805603
-0.7240421772003174 0.19473600387573242 -0.6616953611373901
-0.525729775428772 0 -0.5800985097885132
-0.8944262266159058 0 -0.17666247487068176
-0.6881893873214722 0.49999693036079407 -0.25518307089805603
-0.7240421772003174 -0.19473600387573242 -0.6616953611373901
-0.525729775428772 0 -0.5800985097885132
-0.6881893873214722 -0.49999693036079407 -0.25518307089805603
-0.8944262266159058 0 -0.17666247487068176
-0.4911194145679474 -0.3568209707736969 -0.7946575284004211
-0.525729775428772 0 -0.5800985097885132
-0.16245555877685547 -0.49999526143074036 -0.5801012516021729
-0.6881893873214722 -0.49999693036079407 -0.25518307089805603
-0.40894609689712524 -0.6284251809120178 -0.6616985201835632
-0.16245555877685547 -0.49999526143074036 -0.5801012516021729
-0.276388019323349 -0.8506492376327515 -0.17666670680046082
-0.6881893873214722 -0.49999693036079407 -0.25518307089805603
0.7002238631248474 0.2680318057537079 -0.6616988778114319
0.8506478667259216 0 -0.25518277287483215
0.42532268166542053 0.30901139974594116 -0.5801010131835938
0.7236073017120361 0.5257253050804138 -0.17666637897491455
0.6070605516433716 0 -0.7946555614471436
0.8506478667259216 0 -0.25518277287483215
0.42532268166542053 -0.30901139974594116 -0.5801010131835938
0.42532268166542053 0.30901139974594116 -0.5801010131835938
0.3313046991825104 0 -0.9435237646102905
0.42532268166542053 -0.30901139974594116 -0.5801010131835938
0 0 -0.7294468879699707
0.42532268166542053 0.30901139974594116 -0.5801010131835938
-0.03853045031428337 -0.7487791180610657 -0.6616986393928528
-0.16245555877685547 -0.49999526143074036 -0.5801012516021729
0.26286882162094116 -0.8090116381645203 -0.25518450140953064
-0.276388019323349 -0.8506492376327515 -0.17666670680046082
0.1875942349433899 -0.5773453712463379 -0.7946577072143555
-0.16245555877685547 -0.49999526143074036 -0.5801012516021729
0.42532268166542053 -0.30901139974594116 -0.5801010131835938
0.26286882162094116 -0.8090116381645203 -0.25518450140953064
0.4712996780872345 -0.583122193813324 -0.6616986989974976
0.42532268166542053 -0.30901139974594116 -0.5801010131835938
0.7236073017120361 -0.5257253050804138 -0.17666637897491455
0.26286882162094116 -0.8090116381645203 -0.25518450140953064